%define the inner cavity in the realistic runs. Brings a1, b1, a2, b2 into global scope

a1 =  [3.3, 3.2482, 5.5487, 9]*1e4; b1 = [ 1.6625, 1.6361, 1.6307, 1.6625]*1e6; %north half in stereographic
a2 = [3.2482, 2.6036, 9, 5.5487]*1e4; b2 = [1.6361, 1.6231, 1.6177, 1.6307]*1e6; %south half in stereographic

